[application]
configcheck=0
authkey=1234567890123456
timeinit=1
con_no = 0
trid = 0
time_stamp = 2023-10-23T14:05:04.899Z
meter_stop = 0
idtag = 0000000000000000
stop_reason = 0

[basicconfig]                                             
devid1=21
devtype=
devchanel=1
devid2=02
siteid=00000001
adminpassword=7188
gpslat=37.64070
gpslon=122.57323
chargingstatus=3
ConfirmSelect=1
basTestMode = 0
tagetSoc = 100

[tcpip]
dhcp=1
ipaddr=192.168.001.208
netmask=255.255.255.000
gw=192.168.001.001
dns=192.168.001.001
chargermac=36:76:F6:01:00:00
#serverip=ws://28032d2b67a7e6a6.octt.openchargealliance.org
#serverip=ws://6631c3220041dc71.octt.openchargealliance.org
serverip=ws://ocpp.tscontech.com
#serverport=6968
#serverport=22532
serverport=6100
ftpIp=001.241.077.141
ftpDns=ftp://csms-ftp.tscontech.com
ftpId=cptsct
ftpPw=cp01340

[ctrlboard]
lang=2
mainmenu_type=0
brightness=8
screensaver_time=10
screensaver_type=1
keysound=key1.wav
keylevel=80
audiolevel=100
photo_interval=10
touch_calibration=0
user_id=admin
user_password=admin
setrevh1=0
screensaver_type_home=2
OperationMode=0
FreeChargingTime=0
chkModeMac = 9012A100CB12

[wifi]
ssid=
password=
secumode=
wifi_mode=0
wifi_on_off=0
ap_ssid=iteAP
ap_password=12345678

[ocpp]
auth_cache1_id=00000000000000000000
auth_cache1_stat=0
auth_cache2_id=00000000000000000000
auth_cache2_stat=0
auth_cache3_id=00000000000000000000
auth_cache3_stat=0
auth_cache4_id=00000000000000000000
auth_cache4_stat=0
auth_cache5_id=00000000000000000000
auth_cache5_stat=0

local_list_ver=0

local_list_1_id=00000000000000000000
local_list_1_expired=00000000000000000000
local_list_1_pid=00000000000000000000
local_list_1_status=0
local_list_2_id=00000000000000000000
local_list_2_expired=00000000000000000000
local_list_2_pid=00000000000000000000
local_list_2_status=0
local_list_3_id=00000000000000000000
local_list_3_expired=00000000000000000000
local_list_3_pid=00000000000000000000
local_list_3_status=0
local_list_4_id=00000000000000000000
local_list_4_expired=00000000000000000000
local_list_4_pid=00000000000000000000
local_list_4_status=0
local_list_5_id=00000000000000000000
local_list_5_expired=00000000000000000000
local_list_5_pid=00000000000000000000
local_list_5_status=0